20030912	[count3]13(13)	
20030913	[count3]24(37)	
20030914	[count3]9(46)	
20030915	[count3]8(54)	
20030916	[count3]36(90)	
20030917	[count3]13(103)	
20030918	[count3]15(118)	
20030919	[count3]36(154)	
20030920	[count3]4(158)	
20030921	[count3]3(161)	
20030922	[count3]11(172)	
20030923	[count3]7(179)	
20030924	[count3]15(194)	
20030925	[count3]7(201)	
20030926	[count3]16(217)	
20030927	[count3]2(219)	
20030928	[count3]5(224)	
20030929	[count3]20(244)	
20030930	[count3]17(261)	
20031001	[count3]10(271)	
20031002	[count3]10(281)	
20031003	[count3]10(291)	
20031004	[count3]1(292)	
20031005	[count3]1(293)	
20031006	[count3]10(303)	
20031007	[count3]10(313)	
20031008	[count3]18(331)	
20031009	[count3]27(358)	
20031010	[count3]41(399)	
20031011	[count3]11(410)	
20031012	[count3]7(417)	
20031013	[count3]2(419)	
20031014	[count3]22(441)	
20031015	[count3]12(453)	
20031016	[count3]9(462)	
20031017	[count3]21(483)	
20040720	[count3]529(1012)	
20040721	[count3]539(1022)	
20040722	[count3]551(1034)	
20040723	[count3]556(1039)	
20040724	[count3]565(1048)	
20040725	[count3]568(1051)	
20040726	[count3]574(1057)	
20040727	[count3]579(1062)	
20040728	[count3]582(1065)	
20040729	[count3]584(1067)	
20040730	[count3]590(1073)	
20040731	[count3]596(1079)	
20040801	[count3]603(1086)	
20040802	[count3]607(1090)	
20040803	[count3]612(1095)	
20040804	[count3]1(1096)	
20040805	[count3]18(1114)	
20040806	[count3]4(1118)	
20040807	[count3]7(1125)	
20040808	[count3]5(1130)	
20040809	[count3]7(1137)	
20040810	[count3]2(1139)	
20040811	[count3]23(1162)	
20040812	[count3]5(1167)	
20040815	[count3]5(1172)	
20040816	[count3]2(1174)	
20040817	[count3]3(1177)	
20040819	[count3]4(1181)	
20040821	[count3]5(1186)	
20040822	[count3]8(1194)	
20040823	[count3]2(1196)	
20040824	[count3]3(1199)	
20040825	[count3]2(1201)	
20040826	[count3]4(1205)	
20040827	[count3]2(1207)	
20040829	[count3]1(1208)	
20040830	[count3]3(1211)	
20040831	[count3]9(1220)	
20040901	[count3]3(1223)	
20040903	[count3]2(1225)	
20040904	[count3]6(1231)	
20040905	[count3]1(1232)	
20040906	[count3]8(1240)	
20040907	[count3]16(1256)	
20040908	[count3]4(1260)	
20040909	[count3]2(1262)	
20040910	[count3]8(1270)	
20040911	[count3]26(1296)	
20040912	[count3]2(1298)	
20040913	[count3]15(1313)	
20040914	[count3]25(1338)	
20040915	[count3]7(1345)	
20040916	[count3]37(1382)	
20040917	[count3]7(1389)	
20040918	[count3]2(1391)	
20040920	[count3]4(1395)	
20040921	[count3]4(1399)	
20040922	[count3]12(1411)	
20040923	[count3]14(1425)	
20040924	[count3]9(1434)	
20040925	[count3]6(1440)	
20040926	[count3]9(1449)	
20040927	[count3]13(1462)	
20040928	[count3]5(1467)	
20040929	[count3]5(1472)	
20040930	[count3]6(1478)	
20041001	[count3]6(1484)	
20041002	[count3]6(1490)	
20041003	[count3]3(1493)	
20041004	[count3]14(1507)	
20041005	[count3]8(1515)	
20041006	[count3]12(1527)	
20041007	[count3]3(1530)	
20041008	[count3]5(1535)	
20041009	[count3]5(1540)	
20041011	[count3]2(1542)	
20041012	[count3]19(1561)	
20041013	[count3]5(1566)	
20041014	[count3]4(1570)	
20041015	[count3]6(1576)	
20041016	[count3]6(1582)	
20041018	[count3]11(1593)	
20041019	[count3]4(1597)	
20041020	[count3]11(1608)	
20041021	[count3]5(1613)	
20041022	[count3]6(1619)	
20041023	[count3]4(1623)	
20041024	[count3]6(1629)	
20041025	[count3]7(1636)	
20041026	[count3]1(1637)	
20041027	[count3]5(1642)	
20041028	[count3]1(1643)	
20041029	[count3]5(1648)	
20041030	[count3]6(1654)	
20041031	[count3]2(1656)	
20041101	[count3]5(1661)	
20041102	[count3]5(1666)	
20041103	[count3]6(1672)	
20041104	[count3]9(1681)	
20041105	[count3]4(1685)	
20041106	[count3]5(1690)	
20041107	[count3]2(1692)	
20041108	[count3]4(1696)	
20041109	[count3]4(1700)	
20041110	[count3]1(1701)	
20041111	[count3]10(1711)	
20041112	[count3]7(1718)	
20041116	[count3]1(1719)	
20041117	[count3]7(1726)	
20041118	[count3]4(1730)	
20041119	[count3]10(1740)	
20041120	[count3]12(1752)	
20041121	[count3]2(1754)	
20041122	[count3]5(1759)	
20041123	[count3]3(1762)	
20041124	[count3]3(1765)	
20041125	[count3]1(1766)	
20041126	[count3]2(1768)	
20041127	[count3]5(1773)	
20041128	[count3]5(1778)	
20041129	[count3]3(1781)	
20041130	[count3]8(1789)	
20041201	[count3]4(1793)	
20041202	[count3]3(1796)	
20041203	[count3]4(1800)	
20041204	[count3]1(1801)	
20041205	[count3]6(1807)	
20041206	[count3]3(1810)	
20041207	[count3]7(1817)	
20041208	[count3]3(1820)	
20041209	[count3]3(1823)	
20041210	[count3]1(1824)	
20041211	[count3]3(1827)	
20041212	[count3]2(1829)	
20041213	[count3]2(1831)	
20041214	[count3]6(1837)	
20041215	[count3]5(1842)	
20041216	[count3]1(1843)	
20041219	[count3]2(1845)	
20041220	[count3]7(1852)	
20041221	[count3]1(1853)	
20041222	[count3]2(1855)	
20041223	[count3]1(1856)	
20041224	[count3]2(1858)	
20041225	[count3]13(1871)	
20041226	[count3]3(1874)	
20041228	[count3]1(1875)	
20041229	[count3]6(1881)	
20041230	[count3]2(1883)	
20041231	[count3]11(1894)	
20050101	[count3]2(1896)	
20050102	[count3]2(1898)	
20050103	[count3]1(1899)	
20050104	[count3]2(1901)	
20050105	[count3]8(1909)	
20050106	[count3]4(1913)	
20050107	[count3]6(1919)	
20050108	[count3]2(1921)	
20050109	[count3]2(1923)	
20050110	[count3]3(1926)	
20050111	[count3]2(1928)	
20050112	[count3]4(1932)	
20050114	[count3]6(1938)	
20050115	[count3]7(1945)	
20050116	[count3]1(1946)	
20050117	[count3]6(1952)	
20050119	[count3]5(1957)	
20050120	[count3]6(1963)	
20050121	[count3]3(1966)	
20050122	[count3]6(1972)	
20050123	[count3]3(1975)	
20050124	[count3]6(1981)	
20050125	[count3]4(1985)	
20050126	[count3]7(1992)	
20050127	[count3]2(1994)	
20050128	[count3]7(2001)	
20050129	[count3]2(2003)	
20050130	[count3]6(2009)	
20050201	[count3]12(2021)	
20050202	[count3]13(2034)	
20050203	[count3]2(2036)	
20050205	[count3]6(2042)	
20050208	[count3]4(2046)	
20050209	[count3]6(2052)	
20050210	[count3]4(2056)	
20050212	[count3]4(2060)	
20050213	[count3]2(2062)	
20050214	[count3]1(2063)	
20050215	[count3]4(2067)	
20050216	[count3]1(2068)	
20050217	[count3]2(2070)	
20050218	[count3]3(2073)	
20050219	[count3]6(2079)	
20050220	[count3]1(2080)	
20050221	[count3]4(2084)	
20050222	[count3]1(2085)	
20050223	[count3]2(2087)	
20050224	[count3]4(2091)	
20050226	[count3]2(2093)	
20050227	[count3]3(2096)	
20050228	[count3]2(2098)	
20050301	[count3]4(2102)	
20050303	[count3]3(2105)	
20050304	[count3]3(2108)	
20050305	[count3]2(2110)	
20050306	[count3]5(2115)	
20050307	[count3]1(2116)	
20050308	[count3]3(2119)	
20050309	[count3]3(2122)	
20050310	[count3]1(2123)	
20050311	[count3]1(2124)	
20050312	[count3]2(2126)	
20050313	[count3]1(2127)	
20050315	[count3]2(2129)	
20050316	[count3]1(2130)	
20050317	[count3]1(2131)	
20050318	[count3]1(2132)	
20050319	[count3]2(2134)	
20050321	[count3]1(2135)	
20050323	[count3]2(2137)	
20050324	[count3]1(2138)	
20050325	[count3]1(2139)	
20050326	[count3]2(2141)	
20050328	[count3]2(2143)	
20050331	[count3]1(2144)	
20050401	[count3]3(2147)	
20050402	[count3]2(2149)	
20050405	[count3]2(2151)	
20050407	[count3]2(2153)	
20050408	[count3]4(2157)	
20050409	[count3]1(2158)	
20050410	[count3]2(2160)	
20050411	[count3]4(2164)	
20050412	[count3]3(2167)	
20050413	[count3]3(2170)	
20050414	[count3]5(2175)	
20050415	[count3]3(2178)	
20050416	[count3]2(2180)	
20050417	[count3]1(2181)	
20050419	[count3]3(2184)	
20050420	[count3]2(2186)	
20050422	[count3]8(2194)	
20050423	[count3]3(2197)	
20050424	[count3]6(2203)	
20050428	[count3]1(2204)	
20050429	[count3]2(2206)	
20050430	[count3]2(2208)	
20050501	[count3]2(2210)	
20050504	[count3]3(2213)	
20050505	[count3]1(2214)	
20050507	[count3]1(2215)	
20050510	[count3]1(2216)	
20050511	[count3]6(2222)	
20050512	[count3]1(2223)	
20050513	[count3]2(2225)	
20050514	[count3]3(2228)	
20050516	[count3]2(2230)	
20050519	[count3]3(2233)	
20050520	[count3]8(2241)	
20050522	[count3]3(2244)	
20050523	[count3]3(2247)	
20050524	[count3]1(2248)	
20050525	[count3]8(2256)	
20050526	[count3]6(2262)	
20050527	[count3]1(2263)	
20050528	[count3]2(2265)	
20050530	[count3]2(2267)	
20050601	[count3]4(2271)	
20050602	[count3]2(2273)	
20050603	[count3]1(2274)	
20050604	[count3]1(2275)	
20050605	[count3]2(2277)	
20050607	[count3]2(2279)	
20050608	[count3]3(2282)	
20050610	[count3]11(2293)	
20050612	[count3]1(2294)	
20050613	[count3]2(2296)	
20050614	[count3]2(2298)	
20050615	[count3]2(2300)	
20050616	[count3]6(2306)	
20050617	[count3]3(2309)	
20050618	[count3]3(2312)	
20050619	[count3]4(2316)	
20050620	[count3]1(2317)	
20050621	[count3]2(2319)	
20050622	[count3]1(2320)	
20050623	[count3]16(2336)	
20050624	[count3]3(2339)	
20050625	[count3]4(2343)	
20050626	[count3]3(2346)	
20050627	[count3]4(2350)	
20050628	[count3]7(2357)	
20050629	[count3]5(2362)	
20050630	[count3]3(2365)	
20050701	[count3]2(2367)	
20050702	[count3]1(2368)	
20050703	[count3]1(2369)	
20050704	[count3]2(2371)	
20050705	[count3]10(2381)	
20050708	[count3]3(2384)	
20050710	[count3]1(2385)	
20050711	[count3]1(2386)	
20050714	[count3]1(2387)	
20050715	[count3]1(2388)	
20050716	[count3]7(2395)	
20050717	[count3]1(2396)	
20050718	[count3]1(2397)	
20050719	[count3]2(2399)	
20050721	[count3]2(2401)	
20050723	[count3]1(2402)	
20050724	[count3]4(2406)	
20050726	[count3]4(2410)	
20050727	[count3]4(2414)	
20050728	[count3]2(2416)	
20050729	[count3]7(2423)	
20050801	[count3]3(2426)	
20050802	[count3]6(2432)	
20050803	[count3]1(2433)	
20050804	[count3]2(2435)	
20050806	[count3]1(2436)	
20050809	[count3]5(2441)	
20050810	[count3]1(2442)	
20050812	[count3]3(2445)	
20050813	[count3]2(2447)	
20050815	[count3]6(2453)	
20050817	[count3]2(2455)	
20050821	[count3]3(2458)	
20050822	[count3]2(2460)	
20050824	[count3]2(2462)	
20050825	[count3]1(2463)	
20050826	[count3]1(2464)	
20050831	[count3]1(2465)	
20050901	[count3]1(2466)	
20050906	[count3]2(2468)	
20050907	[count3]1(2469)	
20050908	[count3]1(2470)	
20050910	[count3]1(2471)	
20050911	[count3]1(2472)	
20050912	[count3]3(2475)	
20050913	[count3]4(2479)	
20050914	[count3]1(2480)	
20050915	[count3]3(2483)	
20050918	[count3]2(2485)	
20050920	[count3]1(2486)	
20050921	[count3]2(2488)	
20050928	[count3]13(2501)	
20050929	[count3]3(2504)	
20050930	[count3]5(2509)	
20051002	[count3]5(2514)	
20051004	[count3]11(2525)	
20051005	[count3]4(2529)	
20051006	[count3]6(2535)	
20051007	[count3]1(2536)	
20051008	[count3]1(2537)	
20051010	[count3]2(2539)	
20051011	[count3]2(2541)	
20051012	[count3]1(2542)	
20051013	[count3]4(2546)	
20051014	[count3]1(2547)	
20051016	[count3]2(2549)	
20051017	[count3]1(2550)	
20051018	[count3]8(2558)	
20051019	[count3]1(2559)	
20051020	[count3]2(2561)	
20051021	[count3]2(2563)	
20051023	[count3]1(2564)	
20051024	[count3]3(2567)	
20051025	[count3]7(2574)	
20051026	[count3]6(2580)	
20051027	[count3]1(2581)	
20051028	[count3]2(2583)	
20051030	[count3]2(2585)	
20051031	[count3]2(2587)	
20051102	[count3]3(2590)	
20051104	[count3]1(2591)	
20051106	[count3]1(2592)	
20051107	[count3]2(2594)	
20051108	[count3]2(2596)	
20051110	[count3]4(2600)	
20051111	[count3]1(2601)	
20051114	[count3]2(2603)	
20051116	[count3]2(2605)	
20051118	[count3]1(2606)	
20051121	[count3]2(2608)	
20051122	[count3]1(2609)	
20051123	[count3]1(2610)	
20051124	[count3]1(2611)	
20051125	[count3]1(2612)	
20051126	[count3]2(2614)	
20051128	[count3]8(2622)	
20051129	[count3]1(2623)	
20051130	[count3]1(2624)	
20051201	[count3]1(2625)	
20051202	[count3]1(2626)	
20051203	[count3]1(2627)	
20051204	[count3]3(2630)	
20051205	[count3]1(2631)	
20051206	[count3]1(2632)	
20051207	[count3]2(2634)	
20051208	[count3]2(2636)	
20051214	[count3]4(2640)	
20051216	[count3]3(2643)	
20051219	[count3]1(2644)	
20051220	[count3]2(2646)	
20051222	[count3]4(2650)	
20051223	[count3]3(2653)	
20051224	[count3]1(2654)	
20051227	[count3]3(2657)	
20051229	[count3]1(2658)	
20060102	[count3]3(2661)	
20060103	[count3]1(2662)	
20060104	[count3]2(2664)	
20060105	[count3]1(2665)	
20060106	[count3]1(2666)	
20060107	[count3]2(2668)	
20060109	[count3]2(2670)	
20060110	[count3]2(2672)	
20060111	[count3]1(2673)	
20060113	[count3]9(2682)	
20060116	[count3]3(2685)	
20060117	[count3]5(2690)	
20060118	[count3]3(2693)	
20060119	[count3]3(2696)	
20060122	[count3]1(2697)	
20060125	[count3]4(2701)	
20060126	[count3]2(2703)	
20060127	[count3]1(2704)	
20060128	[count3]2(2706)	
20060129	[count3]1(2707)	
20060130	[count3]1(2708)	
20060131	[count3]9(2717)	
20060202	[count3]3(2720)	
20060203	[count3]6(2726)	
20060204	[count3]1(2727)	
20060206	[count3]1(2728)	
20060207	[count3]2(2730)	
20060208	[count3]1(2731)	
20060209	[count3]2(2733)	
20060210	[count3]2(2735)	
20060211	[count3]1(2736)	
20060212	[count3]3(2739)	
20060213	[count3]3(2742)	
20060214	[count3]2(2744)	
20060215	[count3]1(2745)	
20060216	[count3]1(2746)	
20060219	[count3]1(2747)	
20060220	[count3]1(2748)	
20060222	[count3]2(2750)	
20060223	[count3]3(2753)	
20060224	[count3]1(2754)	
20060225	[count3]1(2755)	
20060228	[count3]8(2763)	
20060302	[count3]1(2764)	
20060306	[count3]2(2766)	
20060308	[count3]3(2769)	
20060309	[count3]2(2771)	
20060313	[count3]1(2772)	
20060314	[count3]2(2774)	
20060315	[count3]2(2776)	
20060317	[count3]2(2778)	
20060318	[count3]1(2779)	
20060319	[count3]2(2781)	
20060321	[count3]1(2782)	
20060322	[count3]5(2787)	
20060324	[count3]1(2788)	
20060325	[count3]1(2789)	
20060326	[count3]1(2790)	
20060329	[count3]2(2792)	
20060330	[count3]1(2793)	
20060331	[count3]3(2796)	
20060401	[count3]1(2797)	
20060403	[count3]1(2798)	
20060405	[count3]10(2808)	
20060406	[count3]4(2812)	
20060407	[count3]4(2816)	
20060410	[count3]1(2817)	
20060411	[count3]2(2819)	
20060412	[count3]7(2826)	
20060413	[count3]5(2831)	
20060416	[count3]1(2832)	
20060417	[count3]2(2834)	
20060418	[count3]1(2835)	
20060419	[count3]1(2836)	
20060420	[count3]3(2839)	
20060421	[count3]1(2840)	
20060422	[count3]3(2843)	
20060424	[count3]2(2845)	
20060425	[count3]2(2847)	
20060426	[count3]2(2849)	
20060430	[count3]1(2850)	
20060501	[count3]4(2854)	
20060503	[count3]2(2856)	
20060504	[count3]2(2858)	
20060505	[count3]1(2859)	
20060506	[count3]1(2860)	
20060507	[count3]2(2862)	
20060508	[count3]1(2863)	
20060509	[count3]8(2871)	
20060511	[count3]6(2877)	
20060512	[count3]3(2880)	
20060513	[count3]2(2882)	
20060515	[count3]8(2890)	
20060516	[count3]1(2891)	
20060517	[count3]1(2892)	
20060519	[count3]14(2906)	
20060521	[count3]1(2907)	
20060523	[count3]5(2912)	
20060526	[count3]2(2914)	
20060528	[count3]1(2915)	
20060529	[count3]2(2917)	
20060530	[count3]2(2919)	
20060601	[count3]1(2920)	
20060602	[count3]2(2922)	
20060604	[count3]4(2926)	
20060605	[count3]1(2927)	
20060609	[count3]2(2929)	
20060611	[count3]3(2932)	
20060612	[count3]1(2933)	
20060614	[count3]7(2940)	
20060616	[count3]1(2941)	
20060618	[count3]2(2943)	
20060619	[count3]4(2947)	
20060620	[count3]1(2948)	
20060621	[count3]2(2950)	
20060622	[count3]4(2954)	
20060623	[count3]1(2955)	
20060625	[count3]1(2956)	
20060626	[count3]3(2959)	
20060627	[count3]9(2968)	
20060701	[count3]2(2970)	
20060702	[count3]2(2972)	
20060703	[count3]1(2973)	
20060704	[count3]4(2977)	
20060706	[count3]14(2991)	
20060707	[count3]14(3005)	
20060709	[count3]2(3007)	
20060710	[count3]7(3014)	
20060711	[count3]6(3020)	
20060712	[count3]2(3022)	
20060713	[count3]2(3024)	
20060714	[count3]1(3025)	
20060715	[count3]2(3027)	
20060716	[count3]2(3029)	
20060718	[count3]4(3033)	
20060719	[count3]1(3034)	
20060721	[count3]1(3035)	
20060725	[count3]1(3036)	
20060726	[count3]8(3044)	
20060727	[count3]1(3045)	
20060729	[count3]2(3047)	
20060801	[count3]3(3050)	
20060803	[count3]3(3053)	
20060804	[count3]3(3056)	
20060805	[count3]2(3058)	
20060806	[count3]1(3059)	
20060808	[count3]1(3060)	
20060809	[count3]3(3063)	
20060810	[count3]3(3066)	
20060811	[count3]1(3067)	
20060813	[count3]1(3068)	
20060818	[count3]1(3069)	
20060821	[count3]1(3070)	
20060822	[count3]13(3083)	
20060823	[count3]1(3084)	
20060824	[count3]2(3086)	
20060825	[count3]1(3087)	
20060829	[count3]4(3091)	
20060830	[count3]3(3094)	
20060901	[count3]5(3099)	
20060902	[count3]2(3101)	
20060904	[count3]4(3105)	
20060905	[count3]2(3107)	
20060906	[count3]2(3109)	
20060908	[count3]2(3111)	
20060910	[count3]1(3112)	
20060912	[count3]1(3113)	
20060913	[count3]6(3119)	
20060914	[count3]4(3123)	
20060918	[count3]1(3124)	
20060919	[count3]2(3126)	
20060920	[count3]4(3130)	
20060921	[count3]5(3135)	
20060922	[count3]5(3140)	
20060925	[count3]1(3141)	
20060926	[count3]5(3146)	
20060927	[count3]5(3151)	
20060928	[count3]2(3153)	
20060929	[count3]6(3159)	
20060930	[count3]1(3160)	
20061003	[count3]5(3165)	
20061005	[count3]9(3174)	
20061007	[count3]11(3185)	
20061008	[count3]5(3190)	
20061010	[count3]4(3194)	
20061011	[count3]9(3203)	
20061012	[count3]1(3204)	
20061013	[count3]4(3208)	
20061014	[count3]3(3211)	
20061015	[count3]2(3213)	
20061016	[count3]8(3221)	
20061017	[count3]8(3229)	
20061018	[count3]19(3248)	
20061019	[count3]4(3252)	
20061020	[count3]1(3253)	
20061023	[count3]1(3254)	
20061024	[count3]3(3257)	
20061026	[count3]4(3261)	
20061027	[count3]4(3265)	
20061028	[count3]3(3268)	
20061029	[count3]7(3275)	
20061030	[count3]7(3282)	
20061101	[count3]1(3283)	
20061102	[count3]2(3285)	
20061103	[count3]2(3287)	
20061104	[count3]3(3290)	
20061105	[count3]1(3291)	
20061106	[count3]3(3294)	
20061107	[count3]8(3302)	
20061108	[count3]2(3304)	
20061109	[count3]3(3307)	
20061111	[count3]6(3313)	
20061113	[count3]3(3316)	
20061114	[count3]1(3317)	
20061115	[count3]2(3319)	
20061116	[count3]1(3320)	
20061117	[count3]2(3322)	
20061124	[count3]2(3324)	
20061127	[count3]3(3327)	
20061128	[count3]1(3328)	
20061203	[count3]2(3330)	
20061205	[count3]2(3332)	
20061206	[count3]1(3333)	
20061208	[count3]2(3335)	
20061210	[count3]1(3336)	
20061212	[count3]1(3337)	
20061213	[count3]4(3341)	
20061214	[count3]4(3345)	
20061215	[count3]2(3347)	
20061218	[count3]5(3352)	
20061219	[count3]2(3354)	
20061220	[count3]6(3360)	
20061221	[count3]2(3362)	
20061226	[count3]1(3363)	
20061227	[count3]3(3366)	
20061228	[count3]2(3368)	
20061229	[count3]2(3370)	
20061231	[count3]1(3371)	
20070101	[count3]1(3372)	
20070102	[count3]1(3373)	
20070103	[count3]5(3378)	
20070104	[count3]12(3390)	
20070105	[count3]2(3392)	
20070109	[count3]8(3400)	
20070110	[count3]1(3401)	
20070111	[count3]3(3404)	
20070112	[count3]3(3407)	
20070113	[count3]5(3412)	
20070116	[count3]1(3413)	
20070117	[count3]5(3418)	
20070118	[count3]10(3428)	
20070119	[count3]3(3431)	
20070121	[count3]3(3434)	
20070123	[count3]6(3440)	
20070124	[count3]1(3441)	
20070125	[count3]7(3448)	
20070126	[count3]3(3451)	
20070127	[count3]1(3452)	
20070128	[count3]6(3458)	
20070129	[count3]2(3460)	
20070130	[count3]1(3461)	
20070131	[count3]6(3467)	
20070201	[count3]2(3469)	
20070202	[count3]1(3470)	
20070205	[count3]7(3477)	
20070206	[count3]6(3483)	
20070208	[count3]1(3484)	
20070210	[count3]1(3485)	
20070211	[count3]1(3486)	
20070212	[count3]1(3487)	
20070213	[count3]3(3490)	
20070215	[count3]1(3491)	
20070217	[count3]2(3493)	
20070218	[count3]6(3499)	
20070221	[count3]1(3500)	
20070222	[count3]4(3504)	
20070223	[count3]1(3505)	
20070226	[count3]4(3509)	
20070227	[count3]1(3510)	
20070301	[count3]1(3511)	
20070305	[count3]1(3512)	
20070308	[count3]2(3514)	
20070312	[count3]1(3515)	
20070313	[count3]1(3516)	
20070314	[count3]8(3524)	
20070315	[count3]4(3528)	
20070316	[count3]7(3535)	
20070317	[count3]1(3536)	
20070318	[count3]3(3539)	
20070321	[count3]4(3543)	
20070323	[count3]3(3546)	
20070325	[count3]7(3553)	
20070327	[count3]3(3556)	
20070328	[count3]1(3557)	
20070329	[count3]2(3559)	
20070330	[count3]2(3561)	
20070401	[count3]2(3563)	
20070402	[count3]1(3564)	
20070403	[count3]7(3571)	
20070404	[count3]1(3572)	
20070407	[count3]2(3574)	
20070410	[count3]1(3575)	
20070411	[count3]1(3576)	
20070412	[count3]3(3579)	
20070413	[count3]3(3582)	
20070415	[count3]2(3584)	
20070416	[count3]9(3593)	
20070417	[count3]2(3595)	
20070418	[count3]1(3596)	
20070419	[count3]2(3598)	
20070420	[count3]1(3599)	
20070422	[count3]1(3600)	
20070424	[count3]13(3613)	
20070425	[count3]1(3614)	
20070426	[count3]2(3616)	
20070427	[count3]5(3621)	
20070429	[count3]1(3622)	
20070430	[count3]1(3623)	
20070501	[count3]1(3624)	
20070503	[count3]2(3626)	
20070505	[count3]3(3629)	
20070507	[count3]1(3630)	
20070509	[count3]12(3642)	
20070510	[count3]23(3665)	
20070511	[count3]7(3672)	
20070512	[count3]3(3675)	
20070513	[count3]6(3681)	
20070514	[count3]3(3684)	
20070515	[count3]1(3685)	
20070517	[count3]4(3689)	
20070521	[count3]3(3692)	
20070522	[count3]4(3696)	
20070523	[count3]9(3705)	
20070524	[count3]15(3720)	
20070525	[count3]3(3723)	
20070527	[count3]1(3724)	
20070528	[count3]4(3728)	
20070529	[count3]4(3732)	
20070530	[count3]6(3738)	
20070531	[count3]1(3739)	
20070601	[count3]1(3740)	
20070604	[count3]1(3741)	
20070606	[count3]12(3753)	
20070607	[count3]2(3755)	
20070608	[count3]2(3757)	
20070610	[count3]4(3761)	
20070612	[count3]2(3763)	
20070613	[count3]7(3770)	
20070614	[count3]16(3786)	
20070615	[count3]5(3791)	
20070618	[count3]1(3792)	
20070619	[count3]2(3794)	
20070620	[count3]2(3796)	
20070621	[count3]2(3798)	
20070622	[count3]3(3801)	
20070623	[count3]1(3802)	
20070625	[count3]8(3810)	
20070626	[count3]6(3816)	
20070627	[count3]10(3826)	
20070628	[count3]6(3832)	
20070629	[count3]3(3835)	
20070630	[count3]6(3841)	
20070702	[count3]1(3842)	
20070704	[count3]9(3851)	
20070705	[count3]4(3855)	
20070708	[count3]3(3858)	
20070709	[count3]6(3864)	
20070711	[count3]1(3865)	
20070713	[count3]1(3866)	
20070716	[count3]1(3867)	
20070717	[count3]19(3886)	
20070718	[count3]9(3895)	
20070719	[count3]14(3909)	
20070720	[count3]1(3910)	
20070722	[count3]1(3911)	
20070723	[count3]7(3918)	
20070724	[count3]15(3933)	
20070725	[count3]5(3938)	
20070726	[count3]2(3940)	
20070727	[count3]1(3941)	
20070728	[count3]1(3942)	
20070730	[count3]7(3949)	
20070801	[count3]3(3952)	
20070803	[count3]1(3953)	
20070805	[count3]1(3954)	
20070806	[count3]11(3965)	
20070807	[count3]1(3966)	
20070808	[count3]1(3967)	
20070809	[count3]1(3968)	
20070813	[count3]1(3969)	
20070814	[count3]6(3975)	
20070815	[count3]1(3976)	
20070817	[count3]1(3977)	
20070820	[count3]1(3978)	
20070822	[count3]5(3983)	
20070823	[count3]5(3988)	
20070826	[count3]1(3989)	
20070827	[count3]1(3990)	
20070828	[count3]6(3996)	
20070829	[count3]3(3999)	
20070831	[count3]4(4003)	
20070902	[count3]1(4004)	
20070904	[count3]5(4009)	
20070905	[count3]3(4012)	
20070906	[count3]1(4013)	
20070910	[count3]1(4014)	
20070911	[count3]3(4017)	
20070912	[count3]4(4021)	
20070913	[count3]7(4028)	
20070914	[count3]6(4034)	
20070915	[count3]15(4049)	
20070916	[count3]2(4051)	
20070918	[count3]12(4063)	
20070919	[count3]5(4068)	
20070920	[count3]2(4070)	
20070922	[count3]1(4071)	
20070923	[count3]2(4073)	
20070924	[count3]1(4074)	
20070925	[count3]3(4077)	
20070926	[count3]1(4078)	
20070927	[count3]2(4080)	
20070928	[count3]2(4082)	
20071001	[count3]1(4083)	
20071002	[count3]9(4092)	
20071003	[count3]2(4094)	
20071005	[count3]4(4098)	
20071009	[count3]4(4102)	
20071010	[count3]4(4106)	
20071011	[count3]3(4109)	
20071014	[count3]3(4112)	
20071015	[count3]3(4115)	
20071016	[count3]6(4121)	
20071017	[count3]1(4122)	
20071018	[count3]4(4126)	
20071019	[count3]4(4130)	
20071021	[count3]2(4132)	
20071022	[count3]10(4142)	
20071023	[count3]10(4152)	
20071024	[count3]3(4155)	
20071025	[count3]1(4156)	
20071027	[count3]1(4157)	
20071029	[count3]1(4158)	
20071030	[count3]14(4172)	
20071031	[count3]3(4175)	
20071101	[count3]3(4178)	
20071102	[count3]12(4190)	
20071103	[count3]3(4193)	
20071104	[count3]1(4194)	
20071105	[count3]8(4202)	
20071106	[count3]3(4205)	
20071107	[count3]2(4207)	
20071108	[count3]5(4212)	
20071109	[count3]4(4216)	
20071110	[count3]3(4219)	
20071112	[count3]15(4234)	
20071113	[count3]4(4238)	
20071114	[count3]9(4247)	
20071115	[count3]2(4249)	
20071116	[count3]3(4252)	
20071118	[count3]4(4256)	
20071119	[count3]5(4261)	
20071120	[count3]4(4265)	
20071121	[count3]1(4266)	
20071122	[count3]1(4267)	
20071123	[count3]5(4272)	
20071124	[count3]2(4274)	
20071126	[count3]2(4276)	
20071127	[count3]1(4277)	
20071128	[count3]1(4278)	
20071129	[count3]3(4281)	
20071130	[count3]1(4282)	
20071202	[count3]1(4283)	
20071203	[count3]5(4288)	
20071204	[count3]2(4290)	
20071205	[count3]12(4302)	
20071206	[count3]1(4303)	
20071208	[count3]1(4304)	
20071209	[count3]1(4305)	
20071212	[count3]7(4312)	
20071213	[count3]2(4314)	
20071214	[count3]2(4316)	
20071215	[count3]1(4317)	
20071217	[count3]2(4319)	
20071218	[count3]1(4320)	
20071219	[count3]1(4321)	
20071220	[count3]6(4327)	
20071221	[count3]3(4330)	
20071225	[count3]3(4333)	
20071226	[count3]2(4335)	
20071228	[count3]2(4337)	
20080102	[count3]2(4339)	
20080107	[count3]3(4342)	
20080108	[count3]1(4343)	
20080109	[count3]4(4347)	
